[sim]
Nx = 128
Ny = 16
Nz = 16

Nt = 1000
Nt_store = 20
dt = 0.001

dx = 0.03125
dy = 0.03125
dz = 0.03125

fx = 100
fy = 100
fz = 100
