[sim]
Nx = 128
Ny = 128
Nz = 128

Nt = 1000
Nt_store = 20
dt = 0.001

dx = 0.03125
dy = 0.03125
dz = 0.03125

gamma_y = 1.0
gamma_z = 1.0
